# vtk DataFile Version 2.0
square1, Created by Gmsh
ASCII
DATASET UNSTRUCTURED_GRID
POINTS 289 double
0 0 0
1 0 0
1 1 0
0 1 0
0.06249999999999999 0 0
0.125 0 0
0.1875 0 0
0.25 0 0
0.3124999999999999 0 0
0.3749999999999999 0 0
0.4374999999999999 0 0
0.4999999999999999 0 0
0.5625 0 0
0.625 0 0
0.6875 0 0
0.75 0 0
0.8125 0 0
0.875 0 0
0.9375 0 0
1 0.06249999999999999 0
1 0.125 0
1 0.1875 0
1 0.25 0
1 0.3124999999999999 0
1 0.3749999999999999 0
1 0.4374999999999999 0
1 0.4999999999999999 0
1 0.5625 0
1 0.625 0
1 0.6875 0
1 0.75 0
1 0.8125 0
1 0.875 0
1 0.9375 0
0.9375 1 0
0.875 1 0
0.8125 1 0
0.75 1 0
0.6875 1 0
0.625 1 0
0.5625 1 0
0.5 1 0
0.4375 1 0
0.375 1 0
0.3125 1 0
0.25 1 0
0.1875 1 0
0.125 1 0
0.0625 1 0
0 0.9375 0
0 0.875 0
0 0.8125 0
0 0.75 0
0 0.6875 0
0 0.625 0
0 0.5625 0
0 0.5 0
0 0.4375 0
0 0.375 0
0 0.3125 0
0 0.25 0
0 0.1875 0
0 0.125 0
0 0.0625 0
0.5 0.5 0
0.5 0.25 0
0.25 0.5 0
0.25 0.25 0
0.75 0.5 0
0.75 0.25 0
0.5 0.75 0
0.75 0.75 0
0.25 0.75 0
0.25 0.125 0
0.125 0.25 0
0.125 0.125 0
0.4999999999999999 0.125 0
0.375 0.25 0
0.375 0.125 0
0.5 0.375 0
0.375 0.5 0
0.25 0.3750000000000001 0
0.375 0.375 0
0.125 0.5 0
0.125 0.375 0
0.75 0.125 0
0.625 0.25 0
0.625 0.125 0
0.875 0.25 0
0.875 0.125 0
0.875 0.4999999999999999 0
0.75 0.375 0
0.875 0.3749999999999999 0
0.625 0.5 0
0.625 0.375 0
0.75 0.625 0
0.625 0.75 0
0.5 0.625 0
0.625 0.625 0
0.875 0.75 0
0.875 0.625 0
0.75 0.875 0
0.875 0.875 0
0.5 0.875 0
0.625 0.875 0
0.25 0.625 0
0.125 0.75 0
0.125 0.625 0
0.375 0.75 0
0.375 0.625 0
0.25 0.875 0
0.375 0.875 0
0.125 0.875 0
0.125 0.0625 0
0.0625 0.125 0
0.0625 0.0625 0
0.25 0.0625 0
0.1875 0.125 0
0.1875 0.0625 0
0.25 0.1875 0
0.1875 0.25 0
0.125 0.1875 0
0.1875 0.1875 0
0.0625 0.25 0
0.0625 0.1875 0
0.3749999999999999 0.0625 0
0.3125 0.125 0
0.3125 0.0625 0
0.4999999999999999 0.0625 0
0.4375 0.125 0
0.4374999999999999 0.0625 0
0.4999999999999999 0.1875 0
0.4375 0.25 0
0.375 0.1875 0
0.4375 0.1875 0
0.3125 0.25 0
0.3125 0.1875 0
0.375 0.3125 0
0.3125 0.375 0
0.25 0.3125000000000001 0
0.3125 0.3125000000000001 0
0.5 0.3125 0
0.4375 0.375 0
0.4375 0.3125 0
0.5 0.4375 0
0.4375 0.5 0
0.375 0.4375000000000001 0
0.4375 0.4375 0
0.3125 0.5 0
0.25 0.4375000000000001 0
0.3125 0.4375000000000001 0
0.125 0.3125 0
0.0625 0.375 0
0.0625 0.3125 0
0.1875 0.375 0
0.1875 0.3125000000000001 0
0.1875 0.5 0
0.125 0.4375000000000001 0
0.1875 0.4375 0
0.0625 0.5 0
0.0625 0.4375 0
0.625 0.0625 0
0.5625 0.125 0
0.5625 0.0625 0
0.75 0.0625 0
0.6875 0.125 0
0.6875 0.0625 0
0.75 0.1875 0
0.6875 0.25 0
0.625 0.1875 0
0.6875 0.1875 0
0.5625 0.25 0
0.5625 0.1875 0
0.875 0.0625 0
0.8125 0.125 0
0.8125 0.0625 0
0.9375 0.125 0
0.9375 0.0625 0
0.9375 0.25 0
0.875 0.1875 0
0.9375 0.1875 0
0.8125 0.25 0
0.8125 0.1875 0
0.875 0.3125 0
0.8125 0.375 0
0.75 0.3125 0
0.8125 0.3125 0
0.9375 0.3749999999999999 0
0.9375 0.3124999999999999 0
0.9375 0.4999999999999999 0
0.875 0.4374999999999999 0
0.9375 0.4374999999999999 0
0.8125 0.5 0
0.75 0.4375 0
0.8125 0.4375 0
0.625 0.3125 0
0.5625 0.375 0
0.5625 0.3125 0
0.6875 0.375 0
0.6875 0.3125 0
0.6875 0.5 0
0.625 0.4375 0
0.6875 0.4375 0
0.5625 0.5 0
0.5625 0.4375 0
0.625 0.5625 0
0.5625 0.625 0
0.5 0.5625 0
0.5625 0.5625 0
0.75 0.5625 0
0.6875 0.625 0
0.6875 0.5625 0
0.75 0.6875 0
0.6875 0.75 0
0.625 0.6875 0
0.6875 0.6875 0
0.5625 0.75 0
0.5 0.6875 0
0.5625 0.6875 0
0.875 0.5625 0
0.8125 0.625 0
0.8125 0.5625 0
0.9375 0.625 0
0.9375 0.5625 0
0.9375 0.75 0
0.875 0.6875 0
0.9375 0.6875 0
0.8125 0.75 0
0.8125 0.6875 0
0.875 0.8125 0
0.8125 0.875 0
0.75 0.8125 0
0.8125 0.8125 0
0.9375 0.875 0
0.9375 0.8125 0
0.875 0.9375 0
0.9375 0.9375 0
0.75 0.9375 0
0.8125 0.9375 0
0.625 0.8125 0
0.5625 0.875 0
0.5 0.8125 0
0.5625 0.8125 0
0.6875 0.875 0
0.6875 0.8125 0
0.625 0.9375 0
0.6875000000000001 0.9375 0
0.5 0.9375 0
0.5625 0.9375 0
0.125 0.5625 0
0.0625 0.625 0
0.0625 0.5625 0
0.25 0.5625 0
0.1875 0.625 0
0.1875 0.5625 0
0.25 0.6875 0
0.1875 0.75 0
0.125 0.6875 0
0.1875 0.6875 0
0.0625 0.75 0
0.0625 0.6875 0
0.375 0.5625 0
0.3125 0.625 0
0.3125 0.5625 0
0.4375 0.625 0
0.4375 0.5625 0
0.4375 0.75 0
0.375 0.6875 0
0.4375 0.6875 0
0.3125 0.75 0
0.3125 0.6875 0
0.375 0.8125 0
0.3125 0.875 0
0.25 0.8125 0
0.3125 0.8125 0
0.4375 0.875 0
0.4375 0.8125 0
0.375 0.9375 0
0.4375 0.9375 0
0.25 0.9375 0
0.3125 0.9375 0
0.125 0.8125 0
0.0625 0.875 0
0.0625 0.8125 0
0.1875 0.875 0
0.1875 0.8125 0
0.125 0.9375 0
0.1875 0.9375 0
0.0625 0.9375 0

CELLS 324 1480
1 0
1 1
1 2
1 3
2 0 4
2 4 5
2 5 6
2 6 7
2 7 8
2 8 9
2 9 10
2 10 11
2 11 12
2 12 13
2 13 14
2 14 15
2 15 16
2 16 17
2 17 18
2 18 1
2 1 19
2 19 20
2 20 21
2 21 22
2 22 23
2 23 24
2 24 25
2 25 26
2 26 27
2 27 28
2 28 29
2 29 30
2 30 31
2 31 32
2 32 33
2 33 2
2 2 34
2 34 35
2 35 36
2 36 37
2 37 38
2 38 39
2 39 40
2 40 41
2 41 42
2 42 43
2 43 44
2 44 45
2 45 46
2 46 47
2 47 48
2 48 3
2 3 49
2 49 50
2 50 51
2 51 52
2 52 53
2 53 54
2 54 55
2 55 56
2 56 57
2 57 58
2 58 59
2 59 60
2 60 61
2 61 62
2 62 63
2 63 0
4 0 4 115 63
4 4 5 113 115
4 115 113 75 114
4 63 115 114 62
4 5 6 118 113
4 6 7 116 118
4 118 116 73 117
4 113 118 117 75
4 75 117 122 121
4 117 73 119 122
4 122 119 67 120
4 121 122 120 74
4 62 114 124 61
4 114 75 121 124
4 124 121 74 123
4 61 124 123 60
4 7 8 127 116
4 8 9 125 127
4 127 125 78 126
4 116 127 126 73
4 9 10 130 125
4 10 11 128 130
4 130 128 76 129
4 125 130 129 78
4 78 129 134 133
4 129 76 131 134
4 134 131 65 132
4 133 134 132 77
4 73 126 136 119
4 126 78 133 136
4 136 133 77 135
4 119 136 135 67
4 67 135 140 139
4 135 77 137 140
4 140 137 82 138
4 139 140 138 81
4 77 132 143 137
4 132 65 141 143
4 143 141 79 142
4 137 143 142 82
4 82 142 147 146
4 142 79 144 147
4 147 144 64 145
4 146 147 145 80
4 81 138 150 149
4 138 82 146 150
4 150 146 80 148
4 149 150 148 66
4 60 123 153 59
4 123 74 151 153
4 153 151 84 152
4 59 153 152 58
4 74 120 155 151
4 120 67 139 155
4 155 139 81 154
4 151 155 154 84
4 84 154 158 157
4 154 81 149 158
4 158 149 66 156
4 157 158 156 83
4 58 152 160 57
4 152 84 157 160
4 160 157 83 159
4 57 160 159 56
4 11 12 163 128
4 12 13 161 163
4 163 161 87 162
4 128 163 162 76
4 13 14 166 161
4 14 15 164 166
4 166 164 85 165
4 161 166 165 87
4 87 165 170 169
4 165 85 167 170
4 170 167 69 168
4 169 170 168 86
4 76 162 172 131
4 162 87 169 172
4 172 169 86 171
4 131 172 171 65
4 15 16 175 164
4 16 17 173 175
4 175 173 89 174
4 164 175 174 85
4 17 18 177 173
4 18 1 19 177
4 177 19 20 176
4 173 177 176 89
4 89 176 180 179
4 176 20 21 180
4 180 21 22 178
4 179 180 178 88
4 85 174 182 167
4 174 89 179 182
4 182 179 88 181
4 167 182 181 69
4 69 181 186 185
4 181 88 183 186
4 186 183 92 184
4 185 186 184 91
4 88 178 188 183
4 178 22 23 188
4 188 23 24 187
4 183 188 187 92
4 92 187 191 190
4 187 24 25 191
4 191 25 26 189
4 190 191 189 90
4 91 184 194 193
4 184 92 190 194
4 194 190 90 192
4 193 194 192 68
4 65 171 197 141
4 171 86 195 197
4 197 195 94 196
4 141 197 196 79
4 86 168 199 195
4 168 69 185 199
4 199 185 91 198
4 195 199 198 94
4 94 198 202 201
4 198 91 193 202
4 202 193 68 200
4 201 202 200 93
4 79 196 204 144
4 196 94 201 204
4 204 201 93 203
4 144 204 203 64
4 64 203 208 207
4 203 93 205 208
4 208 205 98 206
4 207 208 206 97
4 93 200 211 205
4 200 68 209 211
4 211 209 95 210
4 205 211 210 98
4 98 210 215 214
4 210 95 212 215
4 215 212 71 213
4 214 215 213 96
4 97 206 218 217
4 206 98 214 218
4 218 214 96 216
4 217 218 216 70
4 68 192 221 209
4 192 90 219 221
4 221 219 100 220
4 209 221 220 95
4 90 189 223 219
4 189 26 27 223
4 223 27 28 222
4 219 223 222 100
4 100 222 226 225
4 222 28 29 226
4 226 29 30 224
4 225 226 224 99
4 95 220 228 212
4 220 100 225 228
4 228 225 99 227
4 212 228 227 71
4 71 227 232 231
4 227 99 229 232
4 232 229 102 230
4 231 232 230 101
4 99 224 234 229
4 224 30 31 234
4 234 31 32 233
4 229 234 233 102
4 102 233 236 235
4 233 32 33 236
4 236 33 2 34
4 235 236 34 35
4 101 230 238 237
4 230 102 235 238
4 238 235 35 36
4 237 238 36 37
4 70 216 242 241
4 216 96 239 242
4 242 239 104 240
4 241 242 240 103
4 96 213 244 239
4 213 71 231 244
4 244 231 101 243
4 239 244 243 104
4 104 243 246 245
4 243 101 237 246
4 246 237 37 38
4 245 246 38 39
4 103 240 248 247
4 240 104 245 248
4 248 245 39 40
4 247 248 40 41
4 56 159 251 55
4 159 83 249 251
4 251 249 107 250
4 55 251 250 54
4 83 156 254 249
4 156 66 252 254
4 254 252 105 253
4 249 254 253 107
4 107 253 258 257
4 253 105 255 258
4 258 255 72 256
4 257 258 256 106
4 54 250 260 53
4 250 107 257 260
4 260 257 106 259
4 53 260 259 52
4 66 148 263 252
4 148 80 261 263
4 263 261 109 262
4 252 263 262 105
4 80 145 265 261
4 145 64 207 265
4 265 207 97 264
4 261 265 264 109
4 109 264 268 267
4 264 97 217 268
4 268 217 70 266
4 267 268 266 108
4 105 262 270 255
4 262 109 267 270
4 270 267 108 269
4 255 270 269 72
4 72 269 274 273
4 269 108 271 274
4 274 271 111 272
4 273 274 272 110
4 108 266 276 271
4 266 70 241 276
4 276 241 103 275
4 271 276 275 111
4 111 275 278 277
4 275 103 247 278
4 278 247 41 42
4 277 278 42 43
4 110 272 280 279
4 272 111 277 280
4 280 277 43 44
4 279 280 44 45
4 52 259 283 51
4 259 106 281 283
4 283 281 112 282
4 51 283 282 50
4 106 256 285 281
4 256 72 273 285
4 285 273 110 284
4 281 285 284 112
4 112 284 287 286
4 284 110 279 287
4 287 279 45 46
4 286 287 46 47
4 50 282 288 49
4 282 112 286 288
4 288 286 47 48
4 49 288 48 3

CELL_TYPES 324
1
1
1
1
3
3
3
3
3
3
3
3
3
3
3
3
3
3
3
3
3
3
3
3
3
3
3
3
3
3
3
3
3
3
3
3
3
3
3
3
3
3
3
3
3
3
3
3
3
3
3
3
3
3
3
3
3
3
3
3
3
3
3
3
3
3
3
3
9
9
9
9
9
9
9
9
9
9
9
9
9
9
9
9
9
9
9
9
9
9
9
9
9
9
9
9
9
9
9
9
9
9
9
9
9
9
9
9
9
9
9
9
9
9
9
9
9
9
9
9
9
9
9
9
9
9
9
9
9
9
9
9
9
9
9
9
9
9
9
9
9
9
9
9
9
9
9
9
9
9
9
9
9
9
9
9
9
9
9
9
9
9
9
9
9
9
9
9
9
9
9
9
9
9
9
9
9
9
9
9
9
9
9
9
9
9
9
9
9
9
9
9
9
9
9
9
9
9
9
9
9
9
9
9
9
9
9
9
9
9
9
9
9
9
9
9
9
9
9
9
9
9
9
9
9
9
9
9
9
9
9
9
9
9
9
9
9
9
9
9
9
9
9
9
9
9
9
9
9
9
9
9
9
9
9
9
9
9
9
9
9
9
9
9
9
9
9
9
9
9
9
9
9
9
9
9
9
9
9
9
9
9
9
9
9
9
9
9
9
9
9
9
9
9
9
9
9
9
9
9
9
9
9
9
9
9
9
9
9
9
9
9
9
9
9
9
9
9
9
9
9
9
9
9
