# vtk DataFile Version 2.0
square1, Created by Gmsh
ASCII
DATASET UNSTRUCTURED_GRID
POINTS 81 double
0 0 0
1 0 0
1 1 0
0 1 0
0.125 0 0
0.25 0 0
0.3749999999999999 0 0
0.4999999999999999 0 0
0.625 0 0
0.75 0 0
0.875 0 0
1 0.125 0
1 0.25 0
1 0.3749999999999999 0
1 0.4999999999999999 0
1 0.625 0
1 0.75 0
1 0.875 0
0.875 1 0
0.75 1 0
0.625 1 0
0.5 1 0
0.375 1 0
0.25 1 0
0.125 1 0
0 0.875 0
0 0.75 0
0 0.625 0
0 0.5 0
0 0.375 0
0 0.25 0
0 0.125 0
0.5 0.5 0
0.5 0.25 0
0.25 0.5 0
0.25 0.25 0
0.75 0.5 0
0.75 0.25 0
0.5 0.75 0
0.75 0.75 0
0.25 0.75 0
0.25 0.125 0
0.125 0.25 0
0.125 0.125 0
0.4999999999999999 0.125 0
0.375 0.25 0
0.375 0.125 0
0.5 0.375 0
0.375 0.5 0
0.25 0.3750000000000001 0
0.375 0.375 0
0.125 0.5 0
0.125 0.375 0
0.75 0.125 0
0.625 0.25 0
0.625 0.125 0
0.875 0.25 0
0.875 0.125 0
0.875 0.4999999999999999 0
0.75 0.375 0
0.875 0.3749999999999999 0
0.625 0.5 0
0.625 0.375 0
0.75 0.625 0
0.625 0.75 0
0.5 0.625 0
0.625 0.625 0
0.875 0.75 0
0.875 0.625 0
0.75 0.875 0
0.875 0.875 0
0.5 0.875 0
0.625 0.875 0
0.25 0.625 0
0.125 0.75 0
0.125 0.625 0
0.375 0.75 0
0.375 0.625 0
0.25 0.875 0
0.375 0.875 0
0.125 0.875 0

CELLS 100 424
1 0
1 1
1 2
1 3
2 0 4
2 4 5
2 5 6
2 6 7
2 7 8
2 8 9
2 9 10
2 10 1
2 1 11
2 11 12
2 12 13
2 13 14
2 14 15
2 15 16
2 16 17
2 17 2
2 2 18
2 18 19
2 19 20
2 20 21
2 21 22
2 22 23
2 23 24
2 24 3
2 3 25
2 25 26
2 26 27
2 27 28
2 28 29
2 29 30
2 30 31
2 31 0
4 0 4 43 31
4 4 5 41 43
4 43 41 35 42
4 31 43 42 30
4 5 6 46 41
4 6 7 44 46
4 46 44 33 45
4 41 46 45 35
4 35 45 50 49
4 45 33 47 50
4 50 47 32 48
4 49 50 48 34
4 30 42 52 29
4 42 35 49 52
4 52 49 34 51
4 29 52 51 28
4 7 8 55 44
4 8 9 53 55
4 55 53 37 54
4 44 55 54 33
4 9 10 57 53
4 10 1 11 57
4 57 11 12 56
4 53 57 56 37
4 37 56 60 59
4 56 12 13 60
4 60 13 14 58
4 59 60 58 36
4 33 54 62 47
4 54 37 59 62
4 62 59 36 61
4 47 62 61 32
4 32 61 66 65
4 61 36 63 66
4 66 63 39 64
4 65 66 64 38
4 36 58 68 63
4 58 14 15 68
4 68 15 16 67
4 63 68 67 39
4 39 67 70 69
4 67 16 17 70
4 70 17 2 18
4 69 70 18 19
4 38 64 72 71
4 64 39 69 72
4 72 69 19 20
4 71 72 20 21
4 28 51 75 27
4 51 34 73 75
4 75 73 40 74
4 27 75 74 26
4 34 48 77 73
4 48 32 65 77
4 77 65 38 76
4 73 77 76 40
4 40 76 79 78
4 76 38 71 79
4 79 71 21 22
4 78 79 22 23
4 26 74 80 25
4 74 40 78 80
4 80 78 23 24
4 25 80 24 3

CELL_TYPES 100
1
1
1
1
3
3
3
3
3
3
3
3
3
3
3
3
3
3
3
3
3
3
3
3
3
3
3
3
3
3
3
3
3
3
3
3
9
9
9
9
9
9
9
9
9
9
9
9
9
9
9
9
9
9
9
9
9
9
9
9
9
9
9
9
9
9
9
9
9
9
9
9
9
9
9
9
9
9
9
9
9
9
9
9
9
9
9
9
9
9
9
9
9
9
9
9
9
9
9
9
